"timestamp","x_pos","y_pos","z_pos","quat_x","quat_y","quat_z","quat_w","roll","yaw","pitch","forward_x","forward_y","forward_z"
65227856,0.343000025,0.7326971,-0.6730319,-0.0346968621,-0.000449715968,0.999398,0.0005876339,0.0491661876,356.0232,179.930908,-0.06935248,-0.000858112355,0.997591853
65227868,0.34522295,0.7309797,-0.68013,-0.0336618274,-0.0003465413,0.999433756,0.000361898972,0.0382922068,356.1419,179.95723,-0.06728578,-0.000668325752,0.997733533
65227879,0.3479368,0.7293391,-0.687468231,-0.03376223,-0.000413710979,0.9994301,0.0006143015,0.0450040773,356.130371,179.92804,-0.06748649,-0.000785470067,0.9977199
65227890,0.350722849,0.727873743,-0.6949511,-0.0355149359,-0.0003256229,0.9993695,0.000680453959,0.03452082,355.9294,179.920746,-0.0709855258,-0.000602502667,0.9974772
65227902,0.35339883,0.7264346,-0.7027721,-0.03867112,-0.0005002732,0.9992522,0.000625796034,0.05451103,355.567474,179.926132,-0.07728503,-0.0009513977,0.997008562
65227912,0.3557483,0.7248509,-0.710858345,-0.0420613438,-0.000648366346,0.99911505,0.000601077161,0.0713344142,355.17865,179.928055,-0.08404902,-0.001245021,0.996460855
65227923,0.358055234,0.7231305,-0.719050944,-0.0461797267,-0.000519708148,0.998933554,0.0004161495,0.057288412,354.7063,179.949615,-0.09226139,-0.0009998725,0.995734334
65227935,0.360303938,0.7212396,-0.727353632,-0.05018632,-0.000410535547,0.9987402,-2.34378626E-06,0.0469980948,354.246643,179.99791,-0.100246191,-0.000820271962,0.994962335
65227946,0.3628471,0.7191046,-0.735749662,-0.0548050851,-0.0005938899,0.998497367,0.00011525648,0.06722862,353.716644,179.983078,-0.1094456,-0.00117336179,0.9939921
65227957,0.365257829,0.7170016,-0.7441364,-0.05958955,-0.0006236967,0.9982233,0.000372925715,0.06879682,353.16748,179.953079,-0.118967816,-0.00120073231,0.9928974
65227968,0.3676199,0.714765966,-0.7528233,-0.0650721937,0.000111594374,0.997881,-4.34618269E-05,359.987549,352.538,180.0058,-0.129868627,0.0002170595,0.9915312
65227980,0.3705726,0.7124149,-0.7611385,-0.07136695,-0.0001373148,0.9974505,0.000364877662,0.0127110034,351.815,179.957169,-0.1423701,-0.000221849,0.9898135
65227991,0.3738375,0.71007055,-0.769173443,-0.0771283656,-0.000483418524,0.9970213,0.000421306875,0.05150704,351.152924,179.947586,-0.153797656,-0.00089896773,0.988101959
65228002,0.377185076,0.707588553,-0.7772569,-0.0830096155,-0.000409363769,0.99654907,0.000375206931,0.04317867,350.476837,179.953262,-0.165446624,-0.00075361057,0.986218452
65228013,0.381098062,0.7050456,-0.785002649,-0.08780213,-0.000508614758,0.996138,0.0005446055,0.0525783673,349.925629,179.932709,-0.174926624,-0.0009176659,0.984581053
65228024,0.385584623,0.7024526,-0.792486548,-0.09181605,-3.179559E-05,0.9957764,0.000623793,-0.00293502025,349.4638,179.928482,-0.18285656,5.12258266E-05,0.983139634
65228035,0.390748054,0.6996105,-0.7997414,-0.09450777,-1.41723685E-05,0.9955243,0.000756472233,359.993439,349.154022,179.913544,-0.188169569,0.000114767136,0.982136548
65228047,0.39669016,0.696614444,-0.806436539,-0.09550096,-0.0003295392,0.995429337,0.0007141465,0.0297744628,349.039673,179.914932,-0.1901294,-0.00051966263,0.9817589
65228058,0.403370231,0.693487,-0.8127912,-0.0949256,-0.0005541546,0.995484352,0.0006343153,0.0563147962,349.1059,179.921616,-0.188994586,-0.0009828791,0.981977642
65228069,0.41024825,0.6904709,-0.818943858,-0.09404032,-0.0004918635,0.9955684,0.0006822349,0.04876168,349.2078,179.91687,-0.187247813,-0.000851052348,0.9823124
65228080,0.417650551,0.687758,-0.824454069,-0.09174736,-0.0006683073,0.9957824,0.000407689047,0.07197312,349.47168,179.946457,-0.182721362,-0.00125616847,0.983163953
65228091,0.425463885,0.68539387,-0.829395533,-0.08947192,-0.000480867253,0.995989561,0.000477428752,0.0499873534,349.733521,179.940582,-0.178226665,-0.0008724446,0.98398906
65228103,0.433463365,0.6834447,-0.8337989,-0.08787598,-0.0004857718,0.9961317,5.794125E-05,0.0548665337,349.917145,179.9885,-0.175072148,-0.0009576021,0.9845551
65228114,0.4415019,0.6817794,-0.8378806,-0.0870321542,-0.000431765075,0.9962059,-0.000189778235,0.0511815622,350.014221,180.017349,-0.173403725,-0.0008932875,0.9848504
65228125,0.4496341,0.680274,-0.8416326,-0.0846741647,-6.543923E-05,0.996409059,7.65526E-05,0.006729065,350.285431,179.990616,-0.168740228,-0.000117444419,0.985660553
65228136,0.457906753,0.678788841,-0.845149159,-0.08182205,-2.6903157E-05,0.9966473,-0.000297999417,0.005866612,350.6134,180.033768,-0.163095444,-0.000102391765,0.9866103
65228147,0.466428429,0.6773337,-0.8483422,-0.0778114945,0.000249814737,0.996968448,-0.000313257828,359.974243,351.074432,180.03801,-0.155151367,0.000449364685,0.9878906
65228159,0.475227743,0.675770342,-0.8512906,-0.0728558451,0.0004883469,0.9973429,-0.000215466338,359.945984,351.643921,180.028687,-0.145324722,0.000942702638,0.9893836
65228169,0.484163016,0.674531043,-0.853500962,-0.0681162,0.000714856549,0.9976776,-0.000198248134,359.91983,352.1884,180.028244,-0.135916308,0.001399385,0.9907193
65228181,0.49316147,0.673320949,-0.8554789,-0.06348361,0.0007298185,0.9979833,-0.000278224383,359.918549,352.7204,180.037125,-0.126711562,0.00142136787,0.9919386
65228192,0.502071142,0.6721968,-0.8572451,-0.0591300875,0.000762781,0.9982504,-3.73414218E-06,359.912781,353.220245,180.0056,-0.11805328,0.00152245141,0.9930061
65228203,0.510938764,0.6713236,-0.8586856,-0.05493875,0.0008609503,0.99849,-1.1847188E-05,359.901581,353.7013,180.006775,-0.1097116,0.00171799876,0.993962
65228214,0.519619346,0.670451343,-0.8601829,-0.05028756,0.0008782104,0.998734832,-7.977282E-05,359.899963,354.235016,180.014191,-0.10044802,0.00174617558,0.994940758
65228225,0.5283303,0.6698932,-0.8613106,-0.04602705,0.0008817188,0.998940349,-3.91609319E-05,359.899261,354.723816,180.009125,-0.09195662,0.00175796414,0.995761454
65228236,0.537092865,0.669531167,-0.86230737,-0.04201214,0.0008912633,0.9991169,-0.000101498539,359.898438,355.184326,180.0159,-0.08395026,0.00177242409,0.996468365
65228248,0.545579433,0.6692086,-0.862936735,-0.03861256,0.000934366835,0.999254346,-7.155903E-05,359.893341,355.574219,180.012329,-0.07716767,0.00186181418,0.9970164
65228260,0.55382067,0.668819964,-0.863446236,-0.0351742357,0.0009283626,0.9993813,-7.113507E-05,359.893982,355.968475,180.011887,-0.07030508,0.00185057218,0.997523844
65228269,0.563603,0.6685445,-0.863443,-0.0313462764,0.0005624262,0.999509,6.436898E-05,359.935364,356.4074,179.994659,-0.06266169,0.0011283356,0.9980342
65228281,0.56848,0.6684093,-0.863385558,-0.0266063977,0.0003588132,0.9996464,-1.8193432E-05,359.958954,356.950775,180.003174,-0.0531939939,0.0007164046,0.9985839
65228293,0.5752584,0.6682026,-0.86313045,-0.0227596629,0.0006284067,0.999740958,-9.393526E-05,359.928253,357.3917,180.01239,-0.0455076545,0.001252212,0.9989632
65228304,0.5852829,0.6680036,-0.8624225,-0.0201611388,0.00068014,0.999797,-9.836536E-05,359.9223,357.689545,180.012833,-0.0403142273,0.00135603757,0.999186158
65228315,0.592208,0.6677795,-0.861919165,-0.0176799763,0.0007582748,0.999843836,6.649538E-05,359.913,357.973938,179.993912,-0.03535433,0.00151866407,0.9993737
65228326,0.5982462,0.6678609,-0.8609923,-0.0158249009,0.000758318,0.999874949,-0.000133592752,359.913361,358.186523,180.0167,-0.0316460468,0.00151221815,0.999498
65228337,0.6042526,0.668022454,-0.859894335,-0.0145582417,0.000695764436,0.999894261,5.51222474E-05,359.9202,358.3317,179.994843,-0.0291133281,0.00139298674,0.999575138
65228348,0.610292852,0.6682126,-0.858614862,-0.0127389887,0.00071037747,0.999919057,-6.62292769E-06,359.9186,358.5402,180.0018,-0.0254759248,0.00142047124,0.999674439
65228359,0.6162515,0.6683616,-0.8572091,-0.0111907879,0.0007425935,0.9999375,0.0002720504,359.914551,358.717621,179.969772,-0.0223797727,0.001491183,0.9997484
65228370,0.622130036,0.6686159,-0.855503857,-0.009335772,0.000822467846,0.9999564,0.000131179782,359.9056,358.9302,179.985855,-0.0186705142,0.00164731336,0.999824345
65228381,0.6277294,0.668779433,-0.8537809,-0.007939563,0.000582715438,0.9999689,-0.000154525085,359.93338,359.090179,180.018234,-0.0158788133,0.001162941,0.9998732
65228393,0.632980943,0.66874665,-0.8521178,-0.00670929346,0.0007481278,0.9999776,-9.0238E-05,359.914337,359.231171,180.01091,-0.0134184211,0.00149501127,0.999908864
65228404,0.6378302,0.668793,-0.8500925,-0.00636436138,0.000608492,0.999980032,-6.671724E-05,359.930328,359.2707,180.008087,-0.01272855,0.00121611042,0.9999182
65228415,0.642178655,0.6687941,-0.8480153,-0.00658218656,0.0006839097,0.9999784,0.0001652067,359.9215,359.245758,179.9816,-0.0131638627,0.00136996468,0.999912441
65228426,0.646031439,0.6688922,-0.8458072,-0.007492588,0.0007549291,0.999972,2.35145817E-05,359.913483,359.141418,179.997955,-0.01498472,0.00151016831,0.9998866
65228437,0.649410844,0.668955743,-0.8434182,-0.00896047149,0.000722789555,0.999960065,0.000224992022,359.916962,358.9732,179.97496,-0.0179199018,0.00144955341,0.999838352
65228449,0.6526117,0.669244,-0.8409392,-0.0100935558,0.0005687688,0.999949336,0.000266831,359.9345,358.843353,179.9701,-0.0201857854,0.00114286656,0.9997956
65228460,0.6556443,0.669841349,-0.8382973,-0.01143025,0.0006402343,0.9999349,0.0001909746,359.9264,358.6902,179.978958,-0.0228587668,0.00128475111,0.999737859
65228471,0.6583694,0.6707538,-0.8356062,-0.0126489261,0.0007826667,0.9999201,0.000135805574,359.910126,358.5505,179.98558,-0.0252956189,0.001568644,0.9996788
65228482,0.661136746,0.6715743,-0.8325157,-0.0132294754,0.0004521662,0.999912739,0.000230447244,359.947845,358.483978,179.974289,-0.0264564324,0.0009103508,0.9996495
65228494,0.66372776,0.672445953,-0.8293737,-0.0135612646,0.0006873477,0.999908149,0.000266725372,359.920837,358.445953,179.97052,-0.0271196719,0.00138180342,0.9996312
65228505,0.6662042,0.672982037,-0.826245964,-0.0137076834,0.000632023846,0.9999062,0.000282313646,359.927124,358.4292,179.968643,-0.0274124369,0.00127166882,0.9996234
65228516,0.6685105,0.6733988,-0.8231497,-0.0140130678,0.000653755968,0.99990195,0.000196722685,359.924774,358.3942,179.9785,-0.0280231312,0.00131289719,0.999606431
65228527,0.670637965,0.6737985,-0.820099831,-0.0150064686,0.0008116043,0.9998876,8.659725E-05,359.90686,358.280334,179.99147,-0.0300094243,0.0016256253,0.9995483
65228538,0.6725619,0.6739474,-0.8168618,-0.0152350524,0.000403772166,0.999884367,0.000287690462,359.953247,358.25415,179.967743,-0.0304663479,0.0008162169,0.999535441
65228549,0.6744194,0.6742944,-0.813497961,-0.0146195451,0.0006009948,0.9998934,0.000108927634,359.930969,358.324677,179.988525,-0.0292358436,0.00120504643,0.9995718
65228560,0.6764389,0.674848735,-0.810021937,-0.0130286673,0.000602327636,0.999915242,0.000223203358,359.930664,358.507,179.975327,-0.0260548573,0.00121036929,0.9996598
65228571,0.678732932,0.67552036,-0.8066253,-0.0106372992,0.000784542644,0.999943554,8.678322E-05,359.91,358.781036,179.991013,-0.0212732609,0.00157084293,0.9997725
65228583,0.681145,0.6763285,-0.802856,-0.008444057,0.0007737215,0.9999645,0.000331008923,359.911,359.0324,179.96283,-0.0168870017,0.00155297818,0.9998562
65228594,0.683255,0.6768649,-0.79912585,-0.00699348841,0.000209536869,0.9999757,0.00052400725,359.975555,359.1986,179.940125,-0.0139864171,0.000426392828,0.99990207
65228606,0.685012043,0.6774653,-0.795543,-0.00649474654,0.000485699653,0.999979138,0.000457791117,359.944,359.255768,179.9479,-0.0129887778,0.0009773255,0.9999152
65228616,0.68647176,0.6777038,-0.7918758,-0.007373915,0.000483752432,0.9999733,8.83697139E-05,359.9445,359.155,179.99028,-0.0147473505,0.0009687823,0.9998908
65228627,0.687332034,0.677929759,-0.788210869,-0.00991825853,0.0005558695,0.999951,-0.000161617951,359.9365,358.863434,180.01915,-0.0198357236,0.00110847852,0.999802649
65228638,0.687614739,0.6780068,-0.7845138,-0.0127357105,0.000405087776,0.999919057,-0.000300452375,359.954,358.540527,180.035019,-0.025469603,0.000802457,0.9996753
65228650,0.6877161,0.6781372,-0.780774,-0.0145602683,0.0006603688,0.999894142,-0.000325050933,359.924866,358.331421,180.03833,-0.0291178823,0.00131113222,0.999575138
65228661,0.687872231,0.6784087,-0.776776254,-0.0157598425,0.000764257333,0.999875963,-0.000288227078,359.912964,358.19397,180.034409,-0.0315162167,0.00151924021,0.999502063
65228672,0.6884312,0.6787979,-0.7727516,-0.0157903,0.000728490646,0.9998753,4.48064839E-06,359.916534,358.1905,180.0008,-0.0315766558,0.001456941,0.9995003
65228683,0.6893186,0.679151,-0.7684864,-0.01438667,0.0004725713,0.9998967,0.000436141156,359.945129,358.351379,179.9508,-0.028769955,0.0009575942,0.9995856
65228695,0.6904953,0.679448843,-0.764030755,-0.0121932486,0.0005047342,0.9999256,0.0004748496,359.9415,358.602753,179.946289,-0.0243842043,0.00102097332,0.999702156
65228706,0.691825569,0.679690242,-0.759412348,-0.0100897709,0.0001895215,0.9999495,8.1478E-05,359.97818,358.843781,179.990875,-0.0201784912,0.000380668032,0.999796331
65228716,0.6931263,0.679944456,-0.7547478,-0.0094611505,0.000525317853,0.999955535,3.969382E-05,359.939758,358.915833,179.996017,-0.0189214181,0.00105134014,0.9998204
65228728,0.694106758,0.680189431,-0.749862969,-0.008998082,0.000156575916,0.9999598,0.000171284337,359.981873,358.968872,179.980545,-0.0179953873,0.000316221733,0.999838
65228740,0.694810748,0.6805188,-0.744867861,-0.008740799,0.000363828236,0.999962151,0.000156610346,359.95816,358.998383,179.982422,-0.0174808223,0.000730366737,0.999846935
65228750,0.695359349,0.6809651,-0.739650965,-0.008298562,-8.486249E-05,0.999966,0.000406497216,0.009337629,359.049042,179.953339,-0.0165966284,-0.00016297253,0.999862254
65228761,0.695767462,0.681549549,-0.734298766,-0.00778167043,0.000409841217,0.9999701,0.000225674259,359.95285,359.108276,179.9745,-0.01556269,0.0008231702,0.9998785
65228772,0.69614315,0.6824409,-0.7287964,-0.00682194624,0.0006507116,0.999977,0.000102149,359.925354,359.218262,179.9888,-0.0136434454,0.001302787,0.999906063
65228784,0.696612239,0.6830636,-0.7230757,-0.005049453,0.0008016054,0.9999875,2.77889721E-05,359.908142,359.4214,179.997269,-0.0100987349,0.00160347146,0.9999477
65228795,0.6973093,0.683705,-0.7171565,-0.00267867837,0.0008521864,0.999996543,-0.000158509341,359.9024,359.693024,180.018417,-0.005357608,0.00170351774,0.9999842
65228806,0.6977788,0.6844166,-0.7109429,-0.000759259856,0.0006188764,0.99999994,0.000153185174,359.929077,359.913,179.982513,-0.00151833,0.00123798533,0.9999981
65228817,0.698077,0.685267568,-0.7046424,0.000171258056,0.00053464045,1.00000024,0.000325552857,359.938751,0.01964467,179.962692,0.0003428643,0.00106916961,0.999999344
65228828,0.6981323,0.6863095,-0.698273242,0.000620081031,0.000614014571,1.00000012,0.000284340756,359.929657,0.07107606,179.967377,0.00124051131,0.00122767664,0.99999845
65228840,0.6979474,0.687620342,-0.6917374,-0.000153885281,0.00042769665,1.00000036,2.209625E-05,359.951,359.982361,179.997482,-0.0003077518,0.0008554004,0.9999996
65228851,0.697587848,0.68912977,-0.6851382,-0.0007856349,9.490197E-05,1,0.000335072255,359.9891,359.909973,179.961609,-0.00157120626,0.000190330422,0.999998748
65228862,0.6972265,0.6908027,-0.6786064,-0.0003082315,0.0004908,1.00000024,1.89739585E-05,359.943756,359.9647,179.997849,-0.000616444566,0.0009816119,0.999999344
65228873,0.6971689,0.6924212,-0.6716301,0.00101514056,0.0007106688,0.999999762,6.51183946E-05,359.918579,0.11633189,179.992447,0.00203037332,0.001421205,0.9999969
65228884,0.6974288,0.6939773,-0.6645714,0.002897068,0.000429941225,0.9999962,0.000145749567,359.950775,0.3319871,179.98317,0.005794239,0.0008590347,0.999982834
65228896,0.6979133,0.6954582,-0.6574518,0.00506867375,0.0005596288,0.999987364,0.000154773181,359.935974,0.5808397,179.981949,0.0101373922,0.00111767452,0.999947965
65228907,0.6983758,0.6969111,-0.650248349,0.006629302,0.0001272568,0.999978662,0.000202075607,359.985565,0.7596701,179.976746,0.0132583724,0.000251828926,0.9999121
65228918,0.698640347,0.698360264,-0.643005431,0.00658853259,4.47738457E-05,0.9999788,0.0002310095,-0.004956181,0.7549964,179.9735,0.0131768063,8.65017646E-05,0.999913156
65228929,0.698628545,0.699937344,-0.6357705,0.00594519,0.000209858685,0.999982655,0.000283506437,359.976135,0.6812792,179.967377,0.0118902931,0.000416339084,0.999929249
65228940,0.6984942,0.701642632,-0.6285969,0.005763485,-2.33165956E-05,0.999983668,0.000268949254,0.002849466,0.660449445,179.969208,0.01152677,-4.97326E-05,0.999933541
65228951,0.698335946,0.70345813,-0.621452868,0.00562636461,0.000419362332,0.9999846,-3.405978E-05,359.951935,0.644735456,180.003632,0.0112525271,0.000839095,0.999936342
65228962,0.6982005,0.70497936,-0.614700854,0.00515086856,0.00066894613,0.999987,-2.201405E-05,359.92334,0.5902471,180.002121,0.0103015732,0.00133810169,0.999946058
65228973,0.6980492,0.706949949,-0.607739568,0.00482912268,0.000787886,0.999988437,-4.959258E-05,359.9097,0.553374648,180.005234,0.009658055,0.00157623261,0.999952137
65228985,0.6980756,0.709051132,-0.6004991,0.00477062073,0.0008274289,0.999988735,-0.000133092719,359.905121,0.5466627,180.0148,0.009540915,0.001656109,0.9999531
65228996,0.698241949,0.7113703,-0.5936372,0.00482173171,0.0009201337,0.999988556,-8.634872E-05,359.8945,0.552523136,180.009384,0.009643194,0.00184107909,0.9999518
65229007,0.698654,0.7140318,-0.5864277,0.0044546565,0.0007844785,0.9999901,5.606355E-05,359.910126,0.5104731,179.993179,0.008909312,0.001568442,0.999959052
65229018,0.69909364,0.716633856,-0.5795025,0.00403870549,0.0007780073,0.999992,-0.00014052316,359.9108,0.462790519,180.015747,0.008077128,0.00155713724,0.999966145
65229029,0.699504256,0.7191312,-0.572936,0.00339151826,0.0008542838,0.9999944,-6.883749E-05,359.902069,0.388633579,180.007568,0.00678288052,0.001709025,0.999975562
65229040,0.6999973,0.72130543,-0.5664576,0.00255741086,0.0007604072,0.9999968,-3.41553277E-05,359.912842,0.2930552,180.0037,0.00511475326,0.00152098422,0.999985754
65229052,0.70031935,0.7235866,-0.560437739,0.00119502738,0.000833331258,0.9999995,-0.000102945087,359.90448,0.136930332,180.011688,0.002389882,0.0016669078,0.999995768
65229063,0.700874,0.7250479,-0.5544054,-0.000779734051,0.000172275672,1.00000024,-2.81009125E-05,359.980255,359.910645,180.003235,-0.00155947811,0.0003445076,0.999998748
65229074,0.701400936,0.726588,-0.548745155,-0.00220756326,0.000504659838,0.999997854,2.851057E-05,359.942169,359.74704,179.996872,-0.00441508833,0.00100944331,0.999989748
65229085,0.702084541,0.7282413,-0.5435026,-0.00309912954,0.000707404863,0.999995351,6.10481657E-05,359.9189,359.644867,179.993256,-0.006198144,0.00141518144,0.9999798
65229096,0.7030451,0.7304186,-0.538430631,-0.00381367,0.0008322577,0.9999927,6.411748E-05,359.9046,359.563,179.993011,-0.007627178,0.00166499231,0.999969542
65229108,0.7043011,0.733202934,-0.533263266,-0.004290388,0.000786971068,0.99999094,0.000257625,359.9097,359.5084,179.970871,-0.00858029351,0.00157613854,0.999962
65229119,0.7056518,0.736253738,-0.5281858,-0.0047784904,0.00083936,0.999988556,0.000195131768,359.903717,359.452454,179.978088,-0.009556544,0.00168056565,0.9999529
65229130,0.7071953,0.7394618,-0.5232682,-0.005317823,0.0009261189,0.999986,3.51722E-05,359.89386,359.390625,179.996536,-0.0106354319,0.00185258593,0.9999417
65229141,0.7088578,0.7424907,-0.518560767,-0.00568939839,0.0009198501,0.999983847,0.000113465052,359.894531,359.348053,179.98761,-0.0113784047,0.00184096151,0.999933541
65229152,0.710984945,0.7453498,-0.5140606,-0.0056049386,0.0008331776,0.9999844,0.000239440691,359.904358,359.357727,179.9731,-0.0112093035,0.00166901317,0.9999358
65229163,0.712959,0.7479459,-0.509987652,-0.006087915,0.000890584255,0.999981463,6.07653819E-05,359.897919,359.302368,179.993652,-0.0121754967,0.00178187527,0.9999243
65229174,0.7151285,0.7505733,-0.5060701,-0.00745599065,0.0008688369,0.9999722,2.83058525E-05,359.900421,359.1456,179.997513,-0.0149115175,0.00173804758,0.9998873
65229186,0.717619061,0.7529114,-0.5020181,-0.009184138,0.000789359561,0.99995786,0.000282237859,359.909241,358.947571,179.968491,-0.0183670558,0.00158383686,0.999830067
65229197,0.7202255,0.7554377,-0.498225629,-0.01098697,0.0006379083,0.999939561,0.000538162363,359.926239,358.741,179.939133,-0.0219719242,0.0012875651,0.999757767
65229208,0.723074853,0.757805169,-0.494806945,-0.0118333856,0.000746785663,0.99993,0.000462027965,359.913818,358.644,179.948074,-0.0236644261,0.00150440144,0.999718845
65229219,0.726161659,0.7602663,-0.491671145,-0.0121854106,0.0008202611,0.999926,0.0002755337,359.90564,358.603638,179.969574,-0.0243685637,0.00164711569,0.9997017
65229230,0.729995251,0.7627952,-0.488512278,-0.0118979672,0.0008206283,0.9999293,0.000345537352,359.9055,358.6366,179.961533,-0.0237936862,0.001649363,0.9997155
65229242,0.734046936,0.7645962,-0.4852509,-0.0121909836,0.000818450935,0.999925733,0.000399695826,359.90567,358.603027,179.955353,-0.024379503,0.00164652569,0.99970144
65229253,0.7381967,0.7664434,-0.482570946,-0.0129335383,0.0008454104,0.999916434,0.000311774085,359.902679,358.5179,179.96553,-0.0258643869,0.00169874413,0.999664
65229264,0.7421747,0.768740058,-0.4802792,-0.014451609,0.000794824446,0.9998958,-7.538417E-05,359.909058,358.3439,180.009949,-0.0289003253,0.0015873044,0.999581039
65229275,0.74652,0.770979047,-0.4782002,-0.0156815816,0.0008373867,0.9998771,-0.000200954921,359.904419,358.202942,180.024521,-0.0313596427,0.001668265,0.9995068
65229286,0.751331151,0.7731172,-0.4763285,-0.01660149,0.000874386868,0.9998623,-0.000175996,359.900146,358.0975,180.02182,-0.033198718,0.0017426894,0.9994472
65229297,0.756874144,0.77489686,-0.4747702,-0.0166179109,0.0008360696,0.999862,0.000186449921,359.903839,358.095642,179.980225,-0.0332309231,0.00167810521,0.9994463
65229309,0.7626537,0.7761703,-0.473591954,-0.0166350175,0.0006480382,0.999861836,0.0005097294,359.924774,358.093719,179.942841,-0.03326478,0.0013128561,0.999445736
65229321,0.7682917,0.777280569,-0.4724819,-0.01635115,0.0006132956,0.9998665,-6.523784E-05,359.92984,358.126221,180.008621,-0.0326980129,0.001224294,0.9994645
65229332,0.774769,0.7785777,-0.471160531,-0.01454337,0.000629273243,0.9998945,2.95789814E-05,359.927856,358.3334,179.99765,-0.0290836357,0.001259274,0.9995762
65229342,0.781786561,0.7800458,-0.470008552,-0.0125887552,0.000309162628,0.999921,0.000402809819,359.964,358.5574,179.9543,-0.0251752716,0.0006284182,0.999682844
65229353,0.7892579,0.7815434,-0.468922138,-0.0105433324,-7.36549E-06,0.9999448,0.000461011863,0.000286992232,358.7918,179.947174,-0.0210855082,-5.00896476E-06,0.9997777
65229365,0.796837032,0.783032537,-0.467827767,-0.009367422,-0.000365414948,0.999956369,0.0004426319,0.0413964875,358.926544,179.948883,-0.01873435,-0.0007225054,0.9998242
65229376,0.8043252,0.7845099,-0.466678619,-0.008565352,-0.000614970864,0.9999635,0.000346214772,0.07012804,359.018433,179.959717,-0.0171305072,-0.001223966,0.999852538
65229387,0.8119373,0.785782,-0.465616345,-0.007085488,-0.0007055983,0.999974966,0.000231654514,0.0806654841,359.188049,179.972885,-0.0141709484,-0.00140787847,0.9998986
65229398,0.8194781,0.787150145,-0.464627534,-0.00522320066,-0.000815169944,0.9999865,0.000115998591,0.09334086,359.401459,179.986221,-0.01044645,-0.00162910612,0.9999441
65229409,0.8270864,0.7887615,-0.463547528,-0.0049016634,-0.0008618529,0.999988,-7.325285E-05,0.09880101,359.438324,180.0079,-0.009803083,-0.00172440335,0.999950469
65229420,0.8345677,0.7900034,-0.4626422,-0.005257831,-0.000864921,0.9999863,-0.000151938832,0.09920278,359.397522,180.016891,-0.0105152549,-0.001731416,0.9999432
65229431,0.841739058,0.791386843,-0.462384343,-0.007123069,-0.000831688871,0.9999746,0.0001446543,0.0951840356,359.183746,179.982758,-0.0142460167,-0.0016612747,0.9998971
65229443,0.848633051,0.7924465,-0.461940378,-0.008231894,-0.0008533801,0.9999661,-6.707833E-05,0.09785009,359.0567,180.006882,-0.0164631158,-0.0017078066,0.999863
65229454,0.8557575,0.793682456,-0.4616943,-0.008130149,-0.0008432318,0.999967,-0.000213051782,0.09682252,359.068359,180.023621,-0.016259402,-0.00168987224,0.999866366
65229466,0.8634163,0.7948678,-0.46149984,-0.00764642749,-0.0008071055,0.9999707,-0.00037919046,0.0928170159,359.1238,180.04274,-0.0152917942,-0.00161996251,0.999881744
65229474,0.87147,0.795889258,-0.461527169,-0.006200508,-0.000815586362,0.9999808,-0.000397032971,0.09373959,359.28952,180.0449,-0.0124001307,-0.00163606508,0.9999218
65229487,0.879320741,0.7968195,-0.461453974,-0.004801438,-0.000845789735,0.999988437,-0.0003717486,0.0971237645,359.449829,180.04213,-0.009602137,-0.00169512979,0.999952435
65229498,0.887990832,0.7978295,-0.461720824,-0.00193928287,-0.0008388436,0.9999981,-0.000380989077,0.0962088555,359.7778,180.043472,-0.00387791917,-0.00167916168,0.999991059
65229515,0.8975541,0.7984346,-0.461745948,0.000242664421,-0.0007008284,1,-0.00056851207,0.0802931562,0.0278529562,180.06517,0.0004861257,-0.00140138087,0.9999989
65229527,0.909550548,0.799374,-0.461579919,0.00112156465,-0.0006197857,0.9999995,-0.0004668278,0.07096213,0.128555,180.053574,0.00224370672,-0.00123852363,0.9999967
65229536,0.917984366,0.800158739,-0.46167928,-0.000148491061,-0.000633708,1.00000012,-0.00025627276,0.07262193,359.983,180.029343,-0.000296657352,-0.00126749231,0.999999166
65229545,0.9222774,0.800586164,-0.46155116,-0.00187276409,-0.000727185747,0.99999845,4.6567995E-05,0.08331918,359.7854,179.994522,-0.00374559,-0.00145419489,0.999991953
65229554,0.9304935,0.8006028,-0.461369276,-0.00272373948,-0.000798817666,0.9999964,-0.000148494117,0.0915837362,359.6879,180.016769,-0.00544722239,-0.0015984386,0.9999839
65229565,0.941235,0.79991895,-0.461697668,-0.00131352351,-0.0007007007,0.9999993,-0.000301893073,0.08033972,359.849518,180.034485,-0.002626622,-0.00140219345,0.9999956
65229577,0.9529534,0.799158633,-0.462126374,0.00147850707,-0.000714015,0.999999166,-9.431204E-05,0.08180399,0.169432253,180.010925,0.00295714615,-0.00142774987,0.999994636
65229588,0.9649334,0.7984822,-0.462603569,0.007278963,-0.0006077183,0.999973655,-0.000263942435,0.0694173649,0.834133565,180.030762,0.0145578627,-0.00121156219,0.9998933
65229599,0.976954639,0.797671556,-0.46309188,0.0131087443,-0.000681026,0.9999143,-0.0003055787,0.0775740743,1.50221848,180.036026,0.0262156576,-0.00135392381,0.999655366
65229610,0.9889637,0.7969521,-0.463664174,0.018262608,-0.0007660538,0.9998333,-0.000217959634,0.0873125,2.09287739,180.026581,0.03651946,-0.00152389111,0.9993318
65229622,1.00062871,0.796408534,-0.464431,0.0210962724,-0.000746775535,0.999777555,0.000131167821,0.0858722,2.417624,179.986786,0.0421829633,-0.00149875309,0.9991088
65229633,1.0116576,0.7959467,-0.465392947,0.0228436124,-0.00066619867,0.999739051,0.0003561883,0.0772532,2.61788678,179.960938,0.04567483,-0.00134832284,0.9989554
65229644,1.02217877,0.7956288,-0.466488779,0.0228939783,-0.0007534634,0.9997381,0.000156567578,0.08672863,2.62367344,179.984039,0.04577573,-0.001513701,0.9989506
65229655,1.03239191,0.7951871,-0.467905641,0.023594005,-0.000483579963,0.999721944,0.00028380868,0.0561660528,2.70390868,179.9688,0.0471746139,-0.0009802834,0.998886168
65229666,1.04243553,0.7945537,-0.4694435,0.0250252318,-0.000347073132,0.999687254,8.718524E-05,0.0400091968,2.86797547,179.991,0.05003475,-0.0006982928,0.9987472
65229677,1.05243862,0.793768644,-0.47098887,0.0267386269,-0.000478284055,0.99964267,-0.000300399726,0.05386727,3.06440234,180.035873,0.05345843,-0.000940161757,0.9985696
65229689,1.062713,0.7926339,-0.472380757,0.028713746,-0.000443929079,0.9995878,-0.0005152899,0.0491540544,3.29083085,180.060486,0.057404276,-0.000857900362,0.9983506
65229699,1.073134,0.791948557,-0.4739641,0.030238105,-0.000461323652,0.999542832,-0.0005564358,0.05091153,3.46558881,180.065323,0.060449075,-0.000888574345,0.9981709
65229711,1.08346748,0.791160941,-0.475482047,0.0320672244,-0.00045677516,0.99948585,-0.0006583132,0.0498965681,3.67529655,180.077072,0.064102076,-0.000870860065,0.997943
65229723,1.09404659,0.7904893,-0.476951,0.03435667,-0.000313482131,0.999410033,7.97662E-05,0.03621522,3.937755,179.9921,0.06867275,-0.00063207536,0.99763906
65229734,1.10477686,0.789887249,-0.478455722,0.0368224233,-0.000479388167,0.9993221,-4.00207E-05,0.0547276959,4.22049475,180.0066,0.07359496,-0.000955179043,0.99728775
65229745,1.11014056,0.789648235,-0.479164243,0.0380550772,-0.0005616395,0.9992759,-0.000100953614,0.06387228,4.36185074,180.014,0.0760551542,-0.001114782,0.997103
65229756,1.12402916,0.789111,-0.4812181,0.0422374159,-0.000490173348,0.999107957,-8.912688E-05,0.0556882,4.841497,180.012573,0.0843995661,-0.0009719432,0.9964315
65229767,1.13654208,0.7886019,-0.482904732,0.0465718061,-0.0004185309,0.9989152,-0.000477029,0.04536226,5.338688,180.056839,0.09304297,-0.0007917215,0.9956618
65229778,1.14849794,0.7883724,-0.4849879,0.0506700724,-0.000175388021,0.998715639,-0.000438585121,0.0175255779,5.80885744,180.051208,0.101210147,-0.000305879221,0.994865
65229789,1.15990722,0.788079262,-0.487036526,0.0546120554,-0.000179440627,0.998508,-0.000593596953,0.0168169085,6.26120424,180.069046,0.10906136,-0.0002935107,0.994035
65229800,1.17066216,0.787675738,-0.4890048,0.0582468957,-0.0004094336,0.998302341,-0.0006108676,0.0427606553,6.678409,180.072617,0.116296522,-0.0007463147,0.99321425
65229811,1.18127286,0.787346244,-0.491045,0.06124957,-0.000354464224,0.99812305,0.000118433119,0.04137357,7.023072,179.988937,0.122269131,-0.0007221058,0.9924967
65229822,1.19129884,0.787113547,-0.4929905,0.06302731,-0.0002747634,0.9980122,0.000352205941,0.03396672,7.22717333,179.9617,0.125803843,-0.000592831639,0.992054939
65229834,1.20073438,0.787079,-0.494829655,0.06428473,-0.000466744823,0.997931838,0.000166604426,0.05460166,7.371562,179.98439,0.128303409,-0.000952979259,0.9917345
65229845,1.20973134,0.78706634,-0.496556461,0.06623043,-0.0002889677,0.997804642,-0.000275305152,0.0309511255,7.595016,180.033661,0.13217023,-0.0005401995,0.9912269
65229856,1.21834469,0.787070751,-0.4984634,0.0674149543,-0.00023669505,0.997725368,-0.000528464443,0.02297905,7.7310586,180.062241,0.134523466,-0.0004010605,0.990910351
65229867,1.22646713,0.7870866,-0.50031203,0.06903632,-0.0002304143,0.9976144,-0.000678573153,0.0209723469,7.91728973,180.0794,0.137743562,-0.000366036838,0.990467846
65229878,1.2344358,0.7869476,-0.502373755,0.07062788,-0.000411056448,0.9975028,-0.0006995527,0.0413242169,8.100133,180.0833,0.1409036,-0.000721244,0.9900231
65229889,1.24206424,0.786697865,-0.504631758,0.0723234862,-0.000273649726,0.997381568,-0.0004713973,0.0273690373,8.294913,180.056137,0.144268483,-0.00047768018,0.9895385
65229901,1.249449,0.7863107,-0.507070661,0.0738161355,-0.0002944382,0.997272253,1.06903444E-05,0.0337385051,8.466403,180.001266,0.147229567,-0.0005888484,0.9891022
65229912,1.25651,0.7858285,-0.509777665,0.07566835,-0.000309320079,0.9971334,-0.000390972826,0.03195373,8.67926,180.047348,0.1509031,-0.0005576982,0.9885484
65229923,1.2633698,0.7852527,-0.512736,0.07742484,-0.0003610822,0.9969983,-0.000311595824,0.0384882055,8.881134,180.0388,0.15438509,-0.0006717462,0.9880105
65229935,1.26979089,0.7846154,-0.5159117,0.0793194,-0.0003002867,0.996849656,0.000219387934,0.0362959765,9.098881,179.977676,0.1581389,-0.0006334848,0.9874167
65229945,1.27570486,0.783793569,-0.519179761,0.08104415,-0.000379030331,0.9967109,-0.000249936,0.0409696363,9.29718,180.032074,0.16155538,-0.0007150556,0.9868634
65229956,1.28132057,0.7831793,-0.52270937,0.08295168,-5.097274E-05,0.9965539,0.000314652745,0.008811862,9.516493,179.964554,0.165331617,-0.0001537961,0.986238
65229968,1.28656721,0.7825165,-0.5264558,0.0846243948,-0.000204440279,0.9964134,-0.0002741846,0.02068425,9.708855,180.033279,0.16864188,-0.000361008657,0.985677361
65229979,1.29133844,0.781722069,-0.5304692,0.0858758241,0.000323925924,0.9963063,2.38584034E-05,359.963257,9.852778,179.9941,0.171117261,0.00064136117,0.9852505
65229990,1.29544973,0.780686736,-0.534690142,0.08619283,0.00031208052,0.9962787,-0.000432609057,359.9601,9.889224,180.0463,0.1717439,0.000696414,0.9851414
65230001,1.29861856,0.7796488,-0.539037,0.0857880563,0.000125868537,0.9963136,-0.00065417157,359.9792,9.84266949,180.073441,0.170943439,0.000363049272,0.9852808
65230012,1.30165219,0.7783034,-0.5439023,0.08548422,0.00016537,0.9963398,-0.0005695821,359.975525,9.807724,180.0634,0.170342475,0.00042691,0.9853848
65230024,1.30402637,0.776815653,-0.5488382,0.08559139,-0.000180348827,0.996330738,-0.000633627,0.01437596,9.820071,180.074112,0.170554891,-0.000250908139,0.985348165
65230035,1.30626249,0.7749189,-0.554112732,0.08607449,-0.0003346247,0.9962888,-0.0007214389,0.0310869887,9.875652,180.085663,0.171510562,-0.0005425707,0.985182166
65230046,1.30858707,0.772613645,-0.5598403,0.08713554,0.000252541242,0.9961967,-0.000462137628,359.966553,9.997659,180.050232,0.173608035,0.00058369874,0.984814644
65230057,1.31076837,0.770171165,-0.5658136,0.08839925,-1.53349483E-05,0.996085644,-0.000524734554,-0.0035650786,10.1430407,180.060043,0.176106453,6.222243E-05,0.9843711
65230068,1.312479,0.7677499,-0.571837068,0.089523,-0.000100025325,0.9959849,-0.0007081032,0.0041519,10.2723351,180.081848,0.178327262,-7.2464376E-05,0.983971238
65230079,1.3140738,0.765417,-0.5781763,0.0900440961,-0.0003839428,0.995938063,-0.000670117442,0.03690338,10.3323107,180.080444,0.1793572,-0.0006440862,0.983783841
65230091,1.31550574,0.7631888,-0.584755659,0.0906172842,-4.82405558E-05,0.995886147,-0.000577379251,-0.000490272,10.3982363,180.066391,0.180489048,8.556875E-06,0.983577
65230102,1.3165437,0.760933161,-0.5914293,0.09164764,-9.205684E-05,0.9957917,-0.000650474452,0.00367322774,10.5168047,180.0752,0.182524025,-6.410997E-05,0.9832014
65230113,1.31740832,0.7585934,-0.5982371,0.09211929,0.000311001757,0.9957483,-0.000483318756,359.9594,10.57106,180.051865,0.183454961,0.00070840487,0.9830279
65230125,1.3179822,0.756112635,-0.605174661,0.09203245,0.00046411925,0.995756269,-0.000130587141,359.945679,10.561079,180.01001,0.183283657,0.0009483358,0.983059645
65230135,1.31816483,0.753559053,-0.6122537,0.09186758,-1.1388056E-05,0.9957714,-0.0004247438,-0.00317192543,10.54211,180.048584,0.18295823,5.536057E-05,0.9831207
65230147,1.31808269,0.7509317,-0.619398,0.0919950455,-0.000318214064,0.995759964,-0.000219427442,0.03399683,10.5567846,180.0284,0.1832101,-0.000593357137,0.9830736
65230158,1.31757617,0.748366833,-0.626437962,0.09210412,-0.000179879833,0.9957496,-0.0005495725,0.0147247044,10.5693417,180.0646,0.183425471,-0.000256994768,0.9830336
65230169,1.31730759,0.7458402,-0.6337646,0.09257217,0.000167340229,0.995706439,-0.000166950907,359.979126,10.6231909,180.017273,0.184349343,0.0003641535,0.982860744
65230180,1.31679523,0.7435101,-0.6411861,0.09367253,0.000495771645,0.995603442,-0.000269856333,359.940552,10.7498236,180.025467,0.186521113,0.00103774015,0.9824504
65230191,1.3160677,0.741396844,-0.648634851,0.09590827,-9.033453E-05,0.9953905,-0.00046016305,0.00524653541,11.0071955,180.053467,0.190932438,-9.156938E-05,0.9816032
65230202,1.31504536,0.7395326,-0.6560062,0.09805302,-0.000260899222,0.995181441,-0.000631832343,0.02265347,11.2541437,180.074982,0.195161432,-0.000395377981,0.980771065
65230213,1.31385171,0.737649858,-0.6635324,0.09871794,0.000147851126,0.995115638,-0.0004936827,359.97757,11.3306856,180.054626,0.1964714,0.000391728623,0.9805095
65230224,1.31182432,0.735856,-0.670891047,0.09892546,-0.0001330002,0.9950951,-0.0006773635,0.00748733152,11.3545961,180.078751,0.196880654,-0.000130678687,0.980427444
65230236,1.30958819,0.733989954,-0.6785229,0.0980736762,0.00011580823,0.995179534,-0.0003070351,359.983337,11.2565,180.0337,0.195201755,0.0002907241,0.9807631
65230247,1.30638838,0.732149839,-0.6860605,0.09639491,-1.15682451E-05,0.995343447,-0.000589639065,-0.00519372337,11.0632153,180.067383,0.1918921,9.06476562E-05,0.981416047
65230258,1.30248642,0.730557561,-0.693649232,0.0933490545,-0.000254363724,0.9956335,-0.0006733627,0.02181768,10.7126255,180.079544,0.185883224,-0.00038079053,0.9825718
65230270,1.29783154,0.7290567,-0.701145649,0.08879851,-0.0002988451,0.9960497,-0.0007091994,0.0268933289,10.1889992,180.083984,0.176895872,-0.000469377381,0.984229445
65230280,1.29244709,0.7279203,-0.7086203,0.0841493458,-0.000206237688,0.9964532,-0.0007937127,0.01589565,9.654234,180.0926,0.167702109,-0.000277431624,0.9858377
65230291,1.28658843,0.72685194,-0.7159779,0.0793402046,-0.000227627548,0.9968477,-0.00077430153,0.0189622268,9.101298,180.090515,0.15818055,-0.0003309535,0.9874102
65230303,1.28034925,0.7258707,-0.723170638,0.07545821,-9.810165E-05,0.9971492,-0.000713151,0.00504304236,8.655103,180.082336,0.150486335,-8.801776E-05,0.9886121
65230314,1.27400327,0.7247019,-0.7303184,0.0711476356,-4.84073571E-05,0.997465968,-0.000734318746,-0.000453821965,8.15981,180.084335,0.141934767,7.920702E-06,0.989876032
65230325,1.26769722,0.723493,-0.737274051,0.06757639,-0.000107651256,0.9977142,-0.0007115598,0.006797629,7.749594,180.082184,0.134844,-0.000118641095,0.99086684
65230337,1.26137853,0.722388,-0.7439556,0.0642790645,-0.000117996184,0.997932255,-0.000660606544,0.008627478,7.37092352,180.076416,0.128292456,-0.000150578067,0.991736352
65230349,1.25422406,0.7208663,-0.751775563,0.063407585,-0.0003583269,0.997987866,-0.000604422763,0.036586877,7.270874,180.071716,0.126560435,-0.0006385619,0.9919587
65230358,1.249276,0.7197714,-0.757365346,0.06518863,-0.000571404467,0.9978729,-0.0007349962,0.0598483458,7.47541428,180.0883,0.130100772,-0.00104455126,0.991500258
65230370,1.24680448,0.7192093,-0.760077655,0.0678287,-0.000344265223,0.9976971,-0.0008122925,0.03304539,7.778596,180.095551,0.135345563,-0.0005767513,0.9907983
65230381,1.24237227,0.718418837,-0.7651155,0.07030149,-0.000476190762,0.99752605,-0.000743370154,0.0484438352,8.062644,180.0888,0.140255854,-0.000845505332,0.9901149
65230392,1.23642182,0.717483163,-0.7712073,0.07082908,-0.0006089254,0.9974886,-0.0005917212,0.06479977,8.123255,180.072571,0.141303122,-0.00113097019,0.989965737
65230404,1.2299459,0.716362,-0.777033567,0.07003786,-0.0005689027,0.9975444,-0.000300322339,0.06262104,8.032344,180.0389,0.1397321,-0.0010929436,0.9901888
65230414,1.22151959,0.7152082,-0.782926738,0.0678821951,7.362038E-05,0.9976938,0.000121153011,359.992523,7.784711,179.98558,0.1354513,0.000130452929,0.990784
65230426,1.21481538,0.7146318,-0.7862142,0.06623916,0.0003927964,0.997804165,-0.000140388045,359.954,7.59600353,180.013062,0.132187322,0.0008024662,0.9912244
65230437,1.20821881,0.7142148,-0.78904897,0.0637632161,0.00047998564,0.997965455,0.0002941193,359.947266,7.3117013,179.96286,0.127267256,0.0009205102,0.991868
65230448,1.20082355,0.71401,-0.7914645,0.0601319224,0.000459752569,0.998190761,-1.746018E-05,359.9473,6.89476871,179.998825,0.120046243,0.000919941347,0.9927679
65230459,1.19278467,0.7137915,-0.793784738,0.0569386035,0.0005789016,0.998378038,-8.195513E-05,359.933228,6.52820873,180.0056,0.1136924,0.00116525812,0.9935153
65230470,1.18431091,0.713566542,-0.795791566,0.05401586,0.0005769548,0.9985402,-0.000262357556,359.932373,6.192759,180.026459,0.107873715,0.00118056813,0.99416393
65230482,1.17579389,0.7132347,-0.797163069,0.0513150543,0.0005147422,0.9986829,-0.000266841671,359.9395,5.88283873,180.027512,0.102494657,0.00105551456,0.994733
65230493,1.167203,0.712701,-0.7983834,0.04745941,0.0004774377,0.9988736,-7.132939E-05,359.944977,5.440487,180.005569,0.0948118344,0.0009605703,0.9954947
65230504,1.15839744,0.7123642,-0.7989486,0.04359664,0.0003858562,0.9990494,0.000370743335,359.957672,4.997406,179.955627,0.08711068,0.0007386525,0.996198356
65230515,1.149451,0.7121245,-0.799130261,0.039505586,0.0006202947,0.9992196,0.0002724358,359.9302,4.52820444,179.965988,0.07894985,0.00121809589,0.996877849
65230526,1.14027965,0.712090969,-0.7988016,0.0355091542,0.000366079243,0.99936974,0.000479665963,359.960022,4.069923,179.943573,0.0709738955,0.000697632,0.997477949
65230537,1.13115859,0.7123408,-0.798086643,0.0312706679,0.000430459535,0.999511242,0.00026183622,359.95163,3.583951,179.96846,0.06251099,0.0008441227,0.9980439
65230549,1.12199187,0.712744951,-0.79707104,0.0274369847,0.000683487568,0.999623656,0.000515670748,359.92334,3.14448214,179.938782,0.05485402,0.00133816374,0.9984935
65230560,1.112892,0.713613331,-0.795838535,0.02367173,-2.66524767E-05,0.9997203,8.64695758E-05,0.003287847,2.71283221,179.990173,0.04733021,-5.738381E-05,0.9988793
65230571,1.10374987,0.7143838,-0.794405758,0.0197062325,0.000409524218,0.9998061,0.000308657181,359.953766,2.258328,179.963715,0.0394050777,0.0008067247,0.999223
65230582,1.0947448,0.7152653,-0.7924068,0.016559286,0.000508536235,0.999863148,8.59778156E-05,359.9419,1.897646,179.989182,0.0331141241,0.00101408572,0.999451041
65230593,1.08609068,0.716198742,-0.790129662,0.0141770681,-4.74564E-05,0.9998998,-0.000174107641,0.005154705,1.62462711,180.02002,0.0283513125,-8.996662E-05,0.999598
65230604,1.0777564,0.7172195,-0.7877516,0.0117507419,0.000237601344,0.999931335,-0.00018986,359.972534,1.34656119,180.021423,0.0234997813,0.000479632057,0.999723732
